"year" "Warmday" "Maxm" "Coldday" "Minm" "Avg"
"1" "1962" 189 24 63 -30 2.86790456032326
"2" "1963" 213 28 49 -28 3.13984056358917
"3" "1964" 199 24.1 44 -30.9 3.64401551533062
"4" "1965" 159 25 365 -29.1 2.20804822043628
"5" "1966" 167 26 33 -37 1.18028862673233
"6" "1967" 191 24 31 -34.4 2.81580571428571
"7" "1968" 185 27 14 -33 2.00907016543069
"8" "1969" 179 27 42 -28.4 2.26962344054023
"9" "1970" 201 26 49 -34 2.50267703924036
"10" "1971" 152 26 5 -25 2.59465736185791
"11" "1972" 183 28 71 -26 3.77264840182648
"12" "1973" 188 28 343 -33 3.39576707470541
"13" "1974" 168 27.2 41 -20 4.3387643020595
"14" "1975" 217 29 11 -27 4.49133027522936
"15" "1976" 226 25 10 -29 1.91196483616851
"16" "1977" 166 27.2 44 -30.2 2.45048109965636
"17" "1978" 213 26.4 46 -38.2 1.46497019715727
"18" "1979" 230 23.9 28 -31 2.24443425427032
"19" "1980" 214 29.1 26 -28 1.90770110996682
"20" "1981" 207 24.7 66 -29.7 1.68538346899003
"21" "1982" 213 24.2 26 -28.5 3.05673088149445
"22" "1983" 191 28.1 35 -27.1 3.36796875
"23" "1984" 153 25.7 10 -25.7 3.72298534798535
"24" "1985" 174 26.9 6 -32.2 0.425779002876318
"25" "1986" 177 26.7 18 -29.5 1.93150165218456
"26" "1987" 203 27.1 7 -34.6 0.962707080623389
"27" "1988" 201 29.2 63 -25.1 2.8959345623245
"28" "1989" 206 29 348 -27 4.60459995106435
"29" "1990" 208 24.8 19 -26 4.53668063085264
"30" "1991" 188 28.6 50 -22.3 3.71868499701136
"31" "1992" 157 25 10 -20.9 2.99282951502529
"32" "1993" 202 24.4 361 -22 3.48265341103874
"33" "1994" 209 30 37 -31.6 2.79619863013699
"34" "1995" 212 26.8 365 -25 3.54600343053173
"35" "1996" 232 25.3 360 -25.3 2.72052198784412
"36" "1997" 183 28.1 11 -23.2 5.01889588250721
"37" "1998" 193 23.4 74 -26.1 2.79291039895356
"38" "1999" 195 26 28 -33.3 3.51867215041128
"39" "2000" 182 26.4 366 -26.3 4.65135426653883
"40" "2001" 175 25 36 -29 2.97779222314147
"41" "2002" 231 28.1 1 -30.3 3.71370469642233
"42" "2003" 198 30.9 5 -34.7 3.71688160799349
"43" "2004" 223 28.1 22 -25.9 3.58915470494418
"44" "2005" 193 27.5 60 -28.6 4.32311239193084
"45" "2006" 188 27.4 66 -27.8 4.36326905417815
"46" "2007" 220 26.6 38 -27.1 4.3100949293818
"47" "2008" 157 29.7 85 -17.7 4.52348044246778
"48" "2009" 179 26.6 48 -27.9 3.55690108633505
"49" "2010" 135 25.1 55 -32.1 1.91696428571429
"50" "2011" 162 29.2 49 -28.3 4.68203894616266
"51" "2012" 146 24.7 35 -30.2 3.41228594414435
"52" "2013" 151 26.1 17 -28 4.34588289640836
"53" "2014" 204 31 19 -22.9 5.16304921417919
"54" "2015" 184 26.6 327 -18.9 5.27624928530589
"55" "2016" 205 24.3 10 -27.7 4.20306553911205
"56" "2017" 207 22 5 -24.5 4.21384452794739
"57" "2018" 199 31 53 -27.1 4.26709416522241
"58" "2019" 208 30.3 36 -26.3 3.9688230528874
"59" "2020" 177 28.6 35 -18.1 5.69743716116313
