"year" "Warmday" "Warmest_Temp" "Coldday" "Coldest_Temp" "AVG_Year"
"1" "1962" NA NA 365 -7.9 2.86790456032326
"2" "1973" NA NA 335 -5.0125 3.39576707470541
"3" "1976" NA NA 361 -4.7875 1.91196483616851
"4" "1978" NA NA 365 -9.475 1.46497019715727
"5" "1981" NA NA 351 -9.77142857142857 1.68538346899003
"6" "1983" NA NA 335 -4.5125 3.36796875
"7" "1988" NA NA 326 -3.65 2.8959345623245
"8" "1989" NA NA 349 -3.2125 4.60459995106435
"9" "1995" NA NA 360 -6.0875 3.54600343053173
"10" "2002" NA NA 365 -8.2375 3.71370469642233
"11" "2008" NA NA 366 -1.5375 4.52348044246778
"12" "2020" NA NA 333 1.06 5.69743716116313
"13" "1963" NA NA NA NA 3.13984056358917
"14" "1964" NA NA NA NA 3.64401551533062
"15" "1965" NA NA NA NA 2.20804822043628
"16" "1966" NA NA NA NA 1.18028862673233
"17" "1967" NA NA NA NA 2.81580571428571
"18" "1968" NA NA NA NA 2.00907016543069
"19" "1969" NA NA NA NA 2.26962344054023
"20" "1970" NA NA NA NA 2.50267703924036
"21" "1971" NA NA NA NA 2.59465736185791
"22" "1972" NA NA NA NA 3.77264840182648
"23" "1974" NA NA NA NA 4.3387643020595
"24" "1975" NA NA NA NA 4.49133027522936
"25" "1977" NA NA NA NA 2.45048109965636
"26" "1979" NA NA NA NA 2.24443425427032
"27" "1980" NA NA NA NA 1.90770110996682
"28" "1982" NA NA NA NA 3.05673088149445
"29" "1984" NA NA NA NA 3.72298534798535
"30" "1985" NA NA NA NA 0.425779002876318
"31" "1986" NA NA NA NA 1.93150165218456
"32" "1987" NA NA NA NA 0.962707080623389
"33" "1990" NA NA NA NA 4.53668063085264
"34" "1991" NA NA NA NA 3.71868499701136
"35" "1992" NA NA NA NA 2.99282951502529
"36" "1993" NA NA NA NA 3.48265341103874
"37" "1994" NA NA NA NA 2.79619863013699
"38" "1996" NA NA NA NA 2.72052198784412
"39" "1997" NA NA NA NA 5.01889588250721
"40" "1998" NA NA NA NA 2.79291039895356
"41" "1999" NA NA NA NA 3.51867215041128
"42" "2000" NA NA NA NA 4.65135426653883
"43" "2001" NA NA NA NA 2.97779222314147
"44" "2003" NA NA NA NA 3.71688160799349
"45" "2004" NA NA NA NA 3.58915470494418
"46" "2005" NA NA NA NA 4.32311239193084
"47" "2006" NA NA NA NA 4.36326905417815
"48" "2007" NA NA NA NA 4.3100949293818
"49" "2009" NA NA NA NA 3.55690108633505
"50" "2010" NA NA NA NA 1.91696428571429
"51" "2011" NA NA NA NA 4.68203894616266
"52" "2012" NA NA NA NA 3.41228594414435
"53" "2013" NA NA NA NA 4.34588289640836
"54" "2014" NA NA NA NA 5.16304921417919
"55" "2015" NA NA NA NA 5.27624928530589
"56" "2016" NA NA NA NA 4.20306553911205
"57" "2017" NA NA NA NA 4.21384452794739
"58" "2018" NA NA NA NA 4.26709416522241
"59" "2019" NA NA NA NA 3.9688230528874
