"year" "Warmday" "Warm_Temp" "Coldday" "Coldest_Temp" "AVG_Year"
"1" "1962" 189 20 NA NA 2.86790456032326
"2" "1963" 212 23.0714285714286 17 -21.4666666666667 3.13984056358917
"3" "1964" 221 21.2466666666667 44 -23.3333333333333 3.64401551533062
"4" "1965" 204 18.225 10 -23.1041666666667 2.20804822043628
"5" "1966" 168 20.5875 15 -32.0166666666667 1.18028862673233
"6" "1967" 214 18.0291666666667 30 -30.6916666666667 2.81580571428571
"7" "1968" 185 19.425 10 -25.7375 2.00907016543069
"8" "1969" 179 21.1166666666667 46 -23.2291666666667 2.26962344054023
"9" "1970" 201 19.45 49 -25.8208333333333 2.50267703924036
"10" "1971" 183 19.35 30 -21.7708333333333 2.59465736185791
"11" "1972" 184 23.0791666666667 29 -20.6708333333333 3.77264840182648
"12" "1973" 188 22.1125 NA NA 3.39576707470541
"13" "1974" 168 21.9916666666667 NA NA 4.3387643020595
"14" "1975" 217 22.1666666666667 11 -20.45 4.49133027522936
"15" "1976" 230 18.0666666666667 NA NA 1.91196483616851
"16" "1977" 166 20.3958333333333 44 -22.1375 2.45048109965636
"17" "1978" 213 20.175 46 -31.2875 1.46497019715727
"18" "1979" 194 18.4583333333333 28 -26.2 2.24443425427032
"19" "1980" 214 21.8083333333333 31 -22.5208333333333 1.90770110996682
"20" "1981" 207 19.0166666666667 NA NA 1.68538346899003
"21" "1982" 213 18.825 26 -24.2875 3.05673088149445
"22" "1983" 191 23.0208333333333 34 -21.5666666666667 3.36796875
"23" "1984" 216 20.3708333333333 9 -21.125 3.72298534798535
"24" "1985" 174 20.3 6 -30.2125 0.425779002876318
"25" "1986" 177 20.8416666666667 9 -26.5285714285714 1.93150165218456
"26" "1987" 203 19.7041666666667 7 -31.075 0.962707080623389
"27" "1988" 200 23.8227272727273 NA NA 2.8959345623245
"28" "1989" 206 21.65 NA NA 4.60459995106435
"29" "1990" 203 18.9142857142857 19 -21.1818181818182 4.53668063085264
"30" "1991" 188 22.3173913043478 50 -15.9291666666667 3.71868499701136
"31" "1992" 165 20.075 NA NA 2.99282951502529
"32" "1993" 203 20.675 NA NA 3.48265341103874
"33" "1994" 209 24.025 36 -25.8625 2.79619863013699
"34" "1995" 213 20.45 NA NA 3.54600343053173
"35" "1996" 207 18.6 NA NA 2.72052198784412
"36" "1997" 201 21.3318181818182 11 -18.7625 5.01889588250721
"37" "1998" 193 18.7826086956522 21 -19.8347826086957 2.79291039895356
"38" "1999" 195 19.5739130434783 28 -29.6291666666667 3.51867215041128
"39" "2000" 182 23.1958333333333 22 -16.6916666666667 4.65135426653883
"40" "2001" 190 20.3041666666667 36 -23.5173913043478 2.97779222314147
"41" "2002" 231 20.5708333333333 NA NA 3.71370469642233
"42" "2003" 198 23.9333333333333 4 -29.55 3.71688160799349
"43" "2004" 221 20.5875 22 -21.6291666666667 3.58915470494418
"44" "2005" 193 20.5125 60 -16.8833333333333 4.32311239193084
"45" "2006" 188 20.7416666666667 36 -22.0833333333333 4.36326905417815
"46" "2007" 186 20.6958333333333 38 -21.4 4.3100949293818
"47" "2008" 207 19.9583333333333 84 -10.3625 4.52348044246778
"48" "2009" 182 20.4625 48 -22.0916666666667 3.55690108633505
"49" "2010" 210 20.5 54 -25.4347826086957 1.91696428571429
"50" "2011" 161 22.6708333333333 49 -23.8333333333333 4.68203894616266
"51" "2012" 188 19.15 35 -24.5375 3.41228594414435
"52" "2013" 177 20.1958333333333 17 -21.1458333333333 4.34588289640836
"53" "2014" 204 24.8625 NA NA 5.16304921417919
"54" "2015" 184 20.35 NA NA 5.27624928530589
"55" "2016" 209 19.7380952380952 7 -23.4791666666667 4.20306553911205
"56" "2017" 182 17.3916666666667 5 -22.5 4.21384452794739
"57" "2018" 199 25 52 -19.9083333333333 4.26709416522241
"58" "2019" 208 23.55 19 -21.0636363636364 3.9688230528874
"59" "2020" 178 20.875 35 -13.9375 5.69743716116313
