"year" "Warmday" "Warmest_Temp" "Coldday" "Coldest_Temp" "AVG_Year"
"1" "1962" NA NA 354 -22.1333333333333 2.86790456032326
"2" "1973" NA NA 343 -26.5041666666667 3.39576707470541
"3" "1974" NA NA 364 -13.7416666666667 4.3387643020595
"4" "1976" NA NA 363 -22.1666666666667 1.91196483616851
"5" "1981" NA NA 351 -23.2041666666667 1.68538346899003
"6" "1988" NA NA 359 -21.7 2.8959345623245
"7" "1989" NA NA 348 -22.9826086956522 4.60459995106435
"8" "1992" NA NA 328 -15.4625 2.99282951502529
"9" "1993" NA NA 361 -19.8625 3.48265341103874
"10" "1995" NA NA 365 -21.1625 3.54600343053173
"11" "1996" NA NA 360 -20.9875 2.72052198784412
"12" "2002" NA NA 364 -23.3923076923077 3.71370469642233
"13" "2014" NA NA 362 -18.0708333333333 5.16304921417919
"14" "2015" NA NA 327 -15.425 5.27624928530589
"15" "1963" NA NA NA NA 3.13984056358917
"16" "1964" NA NA NA NA 3.64401551533062
"17" "1965" NA NA NA NA 2.20804822043628
"18" "1966" NA NA NA NA 1.18028862673233
"19" "1967" NA NA NA NA 2.81580571428571
"20" "1968" NA NA NA NA 2.00907016543069
"21" "1969" NA NA NA NA 2.26962344054023
"22" "1970" NA NA NA NA 2.50267703924036
"23" "1971" NA NA NA NA 2.59465736185791
"24" "1972" NA NA NA NA 3.77264840182648
"25" "1975" NA NA NA NA 4.49133027522936
"26" "1977" NA NA NA NA 2.45048109965636
"27" "1978" NA NA NA NA 1.46497019715727
"28" "1979" NA NA NA NA 2.24443425427032
"29" "1980" NA NA NA NA 1.90770110996682
"30" "1982" NA NA NA NA 3.05673088149445
"31" "1983" NA NA NA NA 3.36796875
"32" "1984" NA NA NA NA 3.72298534798535
"33" "1985" NA NA NA NA 0.425779002876318
"34" "1986" NA NA NA NA 1.93150165218456
"35" "1987" NA NA NA NA 0.962707080623389
"36" "1990" NA NA NA NA 4.53668063085264
"37" "1991" NA NA NA NA 3.71868499701136
"38" "1994" NA NA NA NA 2.79619863013699
"39" "1997" NA NA NA NA 5.01889588250721
"40" "1998" NA NA NA NA 2.79291039895356
"41" "1999" NA NA NA NA 3.51867215041128
"42" "2000" NA NA NA NA 4.65135426653883
"43" "2001" NA NA NA NA 2.97779222314147
"44" "2003" NA NA NA NA 3.71688160799349
"45" "2004" NA NA NA NA 3.58915470494418
"46" "2005" NA NA NA NA 4.32311239193084
"47" "2006" NA NA NA NA 4.36326905417815
"48" "2007" NA NA NA NA 4.3100949293818
"49" "2008" NA NA NA NA 4.52348044246778
"50" "2009" NA NA NA NA 3.55690108633505
"51" "2010" NA NA NA NA 1.91696428571429
"52" "2011" NA NA NA NA 4.68203894616266
"53" "2012" NA NA NA NA 3.41228594414435
"54" "2013" NA NA NA NA 4.34588289640836
"55" "2016" NA NA NA NA 4.20306553911205
"56" "2017" NA NA NA NA 4.21384452794739
"57" "2018" NA NA NA NA 4.26709416522241
"58" "2019" NA NA NA NA 3.9688230528874
"59" "2020" NA NA NA NA 5.69743716116313
