"year" "Warmday" "Warm_Temp" "Coldday" "Coldest_Temp" "AVG_Year"
"1" "1962" 202 18.4 NA NA 2.86790456032326
"2" "1963" 216 23.0666666666667 52 -10.0333333333333 3.13984056358917
"3" "1964" 166 19.0333333333333 50 -6.06666666666667 3.64401551533062
"4" "1964" 240 19.0333333333333 50 -6.06666666666667 3.64401551533062
"5" "1965" 234 18.3666666666667 61 -6.46666666666667 2.20804822043628
"6" "1966" 201 22.2333333333333 40 -8.86666666666667 1.18028862673233
"7" "1967" 209 21.0666666666667 7 -8.3 2.81580571428571
"8" "1968" 170 20.5 12 -10.1 2.00907016543069
"9" "1969" 214 23.2666666666667 45 -9.36666666666667 2.26962344054023
"10" "1970" 172 21.6 1 -6.36666666666667 2.50267703924036
"11" "1971" 190 21.5 63 -8.03333333333333 2.59465736185791
"12" "1972" 203 22.4 29 -6 3.77264840182648
"13" "1973" 187 22.1 NA NA 3.39576707470541
"14" "1974" 164 19.5625 8 -0.0875 4.3387643020595
"15" "1975" 223 23.8625 47 -2.35 4.49133027522936
"16" "1976" 200 20.7875 NA NA 1.91196483616851
"17" "1977" 165 19.0375 57 -3.0125 2.45048109965636
"18" "1978" 213 20.3375 NA NA 1.46497019715727
"19" "1979" 230 19.8666666666667 45 -10.55 2.24443425427032
"20" "1980" 211 20.1375 26 -6.5 1.90770110996682
"21" "1981" 220 19.5625 NA NA 1.68538346899003
"22" "1982" 220 22.8571428571429 8 -11.225 3.05673088149445
"23" "1983" 192 21.7125 NA NA 3.36796875
"24" "1984" 237 19.2625 22 -3.9 3.72298534798535
"25" "1985" 194 18.7875 40 -12.95 0.425779002876318
"26" "1986" 182 21.7375 56 -9.4625 1.93150165218456
"27" "1987" 188 18.6 10 -19.15 0.962707080623389
"28" "1988" 183 19.5 NA NA 2.8959345623245
"29" "1989" 189 22.5375 NA NA 4.60459995106435
"30" "1990" 216 21.85 2 -0.5875 4.53668063085264
"31" "1991" 189 22.6625 47 -3.4125 3.71868499701136
"32" "1992" 182 22.375 48 -2.675 2.99282951502529
"33" "1993" 162 19 29 -3.7875 3.48265341103874
"34" "1994" 209 24.8125 44 -4 2.79619863013699
"35" "1995" 232 22.475 NA NA 3.54600343053173
"36" "1996" 234 20.2875 4 -8.0625 2.72052198784412
"37" "1997" 237 24.2875 1 -6.475 5.01889588250721
"38" "1998" 202 18.2375 31 -5.0375 2.79291039895356
"39" "1999" 218 22.1875 29 -5.225 3.51867215041128
"40" "2000" 172 21.175 24 -4.8375 4.65135426653883
"41" "2001" 189 22.7 34 -6.9875 2.97779222314147
"42" "2002" 213 22.2125 NA NA 3.71370469642233
"43" "2003" 224 23.2375 4 -7.675 3.71688160799349
"44" "2004" 222 21.3 22 -6.5875 3.58915470494418
"45" "2005" 193 22.3 62 -5.5125 4.32311239193084
"46" "2006" 208 22.9625 22 -6.5 4.36326905417815
"47" "2007" 163 21.3875 25 -3.5375 4.3100949293818
"48" "2008" 214 21.55 NA NA 4.52348044246778
"49" "2009" 185 21.75 5 -5.1125 3.55690108633505
"50" "2010" 192 23.225 8 -8.35 1.91696428571429
"51" "2011" 212 20.4 51 -5.16 4.68203894616266
"52" "2012" 232 23.42 35 -10.34 3.41228594414435
"53" "2013" 218 21.9625 20 -6.46 4.34588289640836
"54" "2014" 190 23.7375 26 -4.32 5.16304921417919
"55" "2015" 186 22.025 34 -2.06 5.27624928530589
"56" "2016" 153 22.12 17 -3.28 4.20306553911205
"57" "2017" 170 20.72 5 -6.48 4.21384452794739
"58" "2018" 207 24.8375 59 -7.78 4.26709416522241
"59" "2019" 181 23.84 25 -2.42 3.9688230528874
"60" "2020" 231 24.18 NA NA 5.69743716116313
