1 1962 200 22 357 -9 7.52257769652651
2 1963 205 25 52 -13.2 7.22479452054795
3 1964 240 22 50 -9.4 7.9272437357631
4 1965 198 20.4 61 -10 7.63954337899543
5 1966 201 26 40 -11.8 7.62666666666667
6 1967 208 23 7 -10 9.11171624713959
7 1968 168 24 12 -12 8.51102974828375
8 1969 214 25.6 46 -12 8.11635449977159
9 1970 173 25 50 -11 7.56
10 1971 190 24 63 -11 8.61676564641389
11 1972 203 25 29 -7.4 8.8418683446273
12 1973 186 26 336 -6.8 8.89768988449423
13 1974 164 25.8 73 -1.4 8.79842411784858
14 1975 222 27.4 47 -7.1 9.3901384083045
15 1976 179 24.2 16 -10 8.01150956284153
16 1977 165 21.5 41 -5.8 8.30657667012807
17 1978 153 23.5 365 -11 7.8154432132964
18 1979 154 22.3 45 -13.2 6.3501807955002
19 1980 211 25.1 341 -9.1 7.36909153005464
20 1981 220 24.4 350 -12.2 7.92416060920734
21 1982 217 25.6 9 -14.8 8.5286178274991
22 1983 192 26.3 44 -7.1 9.02743795875568
23 1984 157 23 22 -5.1 8.37780054644809
24 1985 195 21.6 40 -16.6 6.60945529290853
25 1986 182 25.7 56 -15.4 7.20174657534247
26 1987 188 21.5 11 -20.2 6.60212328767123
27 1988 223 21.9 326 -5.1 8.76301229508197
28 1989 187 26 349 -6.7 9.76167808219178
29 1990 216 26 348 -2.5 9.90708904109589
30 1991 188 27 47 -5.1 8.61102739726027
31 1992 182 27.2 48 -4 9.55321038251366
32 1993 162 23.8 29 -5.6 8.12082191780822
33 1994 212 29.6 49 -5.6 9.25630136986301
34 1995 231 26.7 361 -8.9 9.00458904109589
35 1996 226 24.3 28 -10.8 7.3161543715847
36 1997 226 27.8 1 -9.6 8.98565068493151
37 1998 202 21 31 -6.7 8.58054794520548
38 1999 214 26.1 29 -8.8 9.29390410958904
39 2000 172 26 24 -9 9.72093579234973
40 2001 189 26.2 34 -9.8 8.97609589041096
41 2002 198 27.8 365 -9.6 9.51455479452055
42 2003 220 26.5 11 -12.6 8.88818493150685
43 2004 222 25.1 22 -11.2 8.92380464480874
44 2005 193 27.7 63 -8.6 9.00968514715948
45 2006 206 26.7 70 -9.2 9.63106397536777
46 2007 162 24.9 23 -5.9 9.79883641341547
47 2008 213 25.2 83 -5.2 9.80945715261181
48 2009 185 25.9 49 -7.7 9.16662102019856
49 2010 192 27.9 30 -10.6 7.79186228482003
50 2011 214 22.8 50 -7.4 9.36818181818182
51 2012 232 28.4 35 -13 9.20213114754098
52 2013 218 26.6 82 -8.3 10.0770896491988
53 2014 190 28.2 363 -7.6 11.5347483588621
54 2015 186 27.8 34 -3.1 10.7309544658494
55 2016 153 25.9 17 -5.2 10.5830493665356
56 2017 170 23.4 6 -9.4 10.2411605937922
57 2018 215 28.8 59 -9.4 11.4212962962963
58 2019 181 27.5 25 -3.5 11.3563770794824
59 2020 221 27.7 74 -1.2 11.4410382513661
